==== Logging ASAMI ====
t, Ws_t, Wa_t, gtDistance
0.033,0.000,0.000,1616.095
0.067,0.000,0.000,1603.516
0.100,0.000,0.000,1672.057
0.167,0.000,0.000,1740.045
0.200,0.000,0.000,1847.018
0.233,0.000,0.000,1852.609
0.267,0.000,0.000,1855.326
0.400,0.000,0.000,1757.707
0.433,0.000,0.000,1610.255
0.500,0.000,0.000,1738.892
0.533,0.000,0.000,1829.207
0.567,0.000,0.000,1563.495
0.600,0.000,0.000,1697.552
0.633,0.000,0.000,1704.797
0.667,0.000,0.000,1843.481
0.767,0.000,0.000,1829.129
0.833,0.000,0.000,1723.035
0.867,0.000,0.000,1631.209
0.900,0.000,0.000,1885.036
0.933,0.000,0.000,1752.863
1.033,0.000,0.000,1856.013
1.133,0.000,0.000,1674.440
1.167,0.000,0.000,1821.718
1.200,0.000,0.000,1862.139
1.267,0.000,0.000,1694.975
1.300,0.000,0.000,1803.281
1.400,0.000,0.000,1681.342
1.467,0.000,0.000,1735.165
1.533,0.000,0.000,1613.447
1.567,0.000,0.000,1786.626
1.667,0.000,0.000,1669.585
1.733,0.000,0.000,1570.820
1.767,0.000,0.000,1527.727
1.833,0.000,0.000,1793.274
1.867,0.000,0.000,1804.502
1.900,0.000,0.000,1575.760
1.933,0.000,0.000,1514.865
1.967,0.000,0.000,1508.315
2.000,0.000,0.000,1656.080
2.033,0.000,0.000,1737.951
2.067,0.000,0.000,1484.985
2.167,0.000,0.000,1793.326
2.200,0.000,0.000,1750.583
2.233,0.000,0.000,1611.488
2.267,0.000,0.000,1631.347
2.300,0.000,0.000,1471.256
2.333,0.000,0.000,1502.990
2.367,0.000,0.000,1589.963
2.400,0.000,0.000,1648.467
2.467,0.000,0.000,1609.589
2.500,0.000,0.000,1629.154
2.533,0.000,0.000,1489.118
2.567,0.000,0.000,1487.432
2.600,0.000,0.000,1510.982
2.633,0.000,0.000,1638.866
2.700,0.000,0.000,1531.701
2.767,0.000,0.000,1689.406
2.800,0.000,0.000,1584.199
2.833,0.000,0.000,1557.264
2.867,0.000,0.000,1619.822
2.900,0.000,0.000,1727.598
2.933,0.000,0.000,1651.600
2.967,0.000,0.000,1519.432
3.000,0.000,0.000,1465.657
3.033,0.000,0.019,1574.757
3.067,0.000,0.057,1528.987
3.100,0.000,0.114,1692.944
3.200,0.000,0.399,1497.008
3.267,0.000,0.684,1562.296
3.300,0.000,0.855,1579.227
3.367,0.000,1.254,1572.486
3.433,0.000,1.729,1395.352
3.467,0.000,1.995,1536.348
3.500,0.000,2.280,1543.721
3.567,0.000,2.907,1447.177
3.600,0.000,3.248,1550.604
3.633,0.000,3.609,1473.161
3.667,0.000,3.989,1505.850
3.700,0.000,4.388,1531.653
3.733,0.000,4.806,1504.286
3.767,0.000,5.243,1444.924
3.800,0.000,5.699,1594.637
3.833,0.000,6.174,1416.773
3.867,0.000,6.668,1534.578
3.900,0.000,7.181,1602.587
3.933,0.000,7.713,1556.882
3.967,0.000,8.264,1562.337
4.067,0.000,10.030,1333.512
4.100,0.000,10.657,1421.699
4.167,0.000,11.968,1387.335
4.200,0.000,12.652,1405.653
4.233,0.000,13.355,1312.864
4.267,0.000,14.077,1423.439
4.333,0.000,15.578,1425.123
4.400,0.000,17.154,1433.661
4.533,0.000,20.536,1271.274
4.567,0.000,21.429,1441.731
4.633,0.000,23.271,1423.946
4.700,0.000,25.190,1424.165
4.733,0.000,26.178,1438.598
4.767,0.000,27.185,1390.836
4.833,0.000,29.255,1276.376
4.867,0.000,30.319,1483.468
4.900,0.000,31.402,1327.928
5.000,0.000,34.764,1433.963
5.033,0.000,35.923,1354.155
5.067,0.000,37.101,1371.515
5.133,0.000,39.514,1372.610
5.200,0.000,42.002,1237.877
5.233,0.000,43.275,1267.018
5.267,0.000,44.567,1334.059
5.333,0.000,47.207,1198.575
5.367,0.000,48.556,1301.393
5.433,0.000,51.311,1251.284
5.467,0.000,52.717,1170.353
5.500,0.000,54.141,1320.108
5.567,0.000,57.048,1321.096
5.633,0.000,60.030,1180.116
5.667,0.000,61.550,1133.318
5.700,0.000,63.089,1261.185
5.767,0.000,66.223,1295.446
5.800,0.000,67.819,1228.288
5.900,0.000,72.720,1290.404
5.967,0.000,76.083,1171.827
6.067,0.000,77.825,1260.226
6.100,0.000,77.857,1290.221
6.167,0.000,77.953,1259.549
6.200,0.000,78.016,1138.809
6.233,0.000,78.091,1117.309
6.267,0.000,78.176,1231.008
6.333,0.000,78.379,1215.497
6.367,0.000,78.496,1190.351
6.400,0.000,78.624,1068.254
6.467,0.000,78.912,1103.924
6.500,0.000,79.072,1118.415
6.533,0.000,79.243,1160.048
6.567,0.000,79.424,1061.830
6.600,0.000,79.616,1195.391
6.633,0.000,79.819,1051.887
6.667,0.000,80.032,1161.577
6.733,0.000,80.491,1062.272
6.767,0.000,80.736,1115.395
6.800,0.000,80.992,1177.368
6.833,0.000,81.258,1175.671
6.900,0.000,81.824,1161.983
6.967,0.000,82.431,1132.266
7.000,0.000,82.751,1204.321
7.067,0.000,83.423,1134.615
7.133,0.000,84.138,1005.066
7.233,0.000,85.289,1104.337
7.300,0.000,86.111,1067.495
7.333,0.000,86.537,958.536
7.367,0.000,86.974,1156.987
7.400,0.000,87.422,996.179
7.433,0.000,87.881,1033.238
7.467,0.000,88.350,1124.751
7.567,0.000,89.822,1125.468
7.600,0.000,90.334,1034.243
7.633,0.000,90.856,1032.367
7.667,0.000,91.389,930.590
7.700,0.000,91.933,1126.387
7.767,0.000,93.053,962.351
7.800,0.000,93.629,920.441
7.833,0.000,94.215,1024.143
7.867,0.000,94.813,986.951
7.933,0.000,96.039,971.499
7.967,0.000,96.668,1011.259
8.000,0.000,97.308,1042.570
8.033,0.000,97.959,989.398
8.067,0.000,98.620,1027.937
8.100,0.000,99.292,1071.666
8.133,0.000,99.974,989.485
8.167,0.000,100.667,1053.250
8.233,0.000,102.086,924.513
8.267,0.000,102.811,1039.499
8.300,0.000,103.547,1052.352
8.367,0.000,105.050,940.477
8.400,0.000,105.818,1024.940
8.467,0.000,107.386,1006.944
8.533,0.000,108.996,886.525
8.567,0.000,109.817,903.795
8.633,0.000,111.491,923.016
8.667,0.000,112.345,976.429
8.700,0.000,113.208,935.240
8.733,0.000,114.083,987.845
8.767,0.000,114.968,922.168
8.800,0.000,115.864,920.721
8.833,0.000,116.770,1017.763
8.867,0.000,117.687,917.751
8.900,0.000,118.615,917.529
8.933,0.000,119.553,1005.866
9.000,0.000,121.462,842.724
9.067,0.000,121.510,993.439
9.100,0.000,121.558,915.740
9.133,0.000,121.622,937.696
9.167,0.000,121.702,891.341
9.233,0.000,121.910,986.417
9.267,0.000,122.037,959.453
9.300,0.000,122.181,923.457
9.333,0.000,122.341,915.191
9.367,0.000,122.517,804.193
9.400,0.000,122.708,895.619
9.433,0.000,122.916,826.829
9.467,0.000,123.139,882.184
9.500,0.000,123.379,830.322
9.600,0.000,124.194,946.374
9.700,0.000,125.152,814.902
9.733,0.000,125.503,865.922
9.767,0.000,125.871,831.386
9.800,0.000,126.254,895.676
9.833,0.000,126.653,892.804
9.900,0.000,127.500,822.557
9.933,0.000,127.947,808.257
9.967,0.000,128.410,770.034
10.133,0.000,130.965,785.978
10.200,0.000,132.099,744.678
10.300,0.000,133.920,790.479
10.333,0.000,134.559,782.948
10.367,0.000,135.214,756.643
10.400,0.000,135.885,819.889
10.433,0.000,136.571,777.985
10.467,0.000,137.274,778.648
10.533,0.000,138.728,700.839
10.567,0.000,139.478,721.413
10.600,0.000,140.245,706.410
10.667,0.000,141.826,811.257
10.733,0.000,143.471,752.103
10.767,0.000,144.318,686.017
10.800,0.000,145.180,774.166
10.833,0.000,146.059,686.136
10.867,0.000,146.953,758.115
10.933,0.000,148.790,708.459
10.967,0.000,149.732,763.652
11.000,0.000,150.690,663.422
11.067,0.000,152.655,695.992
11.100,0.000,153.661,676.830
11.133,0.000,154.683,678.146
11.167,0.000,155.721,644.876
11.267,0.000,158.932,733.912
11.300,0.000,160.034,679.408
11.333,0.000,161.152,712.579
11.400,0.000,163.436,624.219
11.433,0.000,164.602,647.162
11.500,0.000,166.981,659.489
11.533,0.000,168.195,596.518
11.600,0.000,170.671,610.641
11.633,0.000,171.933,689.219
11.667,0.000,173.210,602.802
11.700,0.000,174.504,586.752
11.733,0.000,175.814,608.838
11.767,0.000,177.139,668.428
11.833,0.000,179.838,626.451
11.867,0.000,181.212,664.926
11.900,0.000,182.602,584.631
11.967,0.000,185.429,590.479
12.000,0.000,186.866,599.971
12.033,0.000,186.885,628.260
12.100,0.000,186.982,613.233
12.133,0.000,187.059,600.625
12.200,0.000,187.271,600.429
12.267,0.000,187.561,617.647
12.300,0.000,187.735,606.049
12.333,0.000,187.928,516.004
12.367,0.000,188.140,506.841
12.400,0.000,188.371,608.823
12.500,0.000,189.182,490.966
12.567,0.000,189.125,508.401
12.600,0.000,189.067,514.034
12.633,0.000,188.990,518.409
12.700,0.000,188.779,536.803
12.733,0.000,188.645,528.674
12.767,0.000,188.491,490.218
12.800,0.000,188.470,506.802
12.867,0.000,188.362,544.487
12.933,0.000,188.168,501.148
13.033,0.000,187.714,560.876
13.067,0.000,187.520,545.121
13.100,0.000,187.304,524.436
13.133,0.000,187.066,498.206
13.167,0.000,187.054,466.386
13.200,0.000,187.038,487.135
13.233,0.000,187.015,493.694
13.300,0.000,186.961,534.684
13.500,0.000,186.366,516.203
13.533,0.000,186.204,484.768
13.600,0.000,186.161,577.898
13.667,0.000,186.061,525.146
13.700,0.000,185.990,489.772
13.733,0.000,185.975,546.870
13.833,0.000,185.843,507.296
13.867,0.000,185.769,547.914
13.900,0.000,185.681,575.950
13.967,0.000,185.460,542.544
14.000,0.000,185.328,549.689
14.033,0.000,185.181,545.558
14.067,0.000,185.019,570.372
14.100,0.000,184.843,511.646
14.167,0.000,184.446,512.758
14.200,0.000,184.225,579.577
14.233,0.000,183.990,605.913
14.267,0.000,183.740,554.046
14.300,0.000,183.476,534.514
14.333,0.000,183.196,559.330
14.367,0.000,182.902,535.122
14.400,0.000,182.594,529.941
14.433,0.000,182.270,596.598
14.467,0.000,181.932,554.247
14.500,0.000,181.579,618.034
14.533,0.000,181.212,538.554
14.600,0.000,180.432,589.837
14.667,0.000,179.594,622.323
14.700,0.000,179.153,623.812
14.767,0.000,178.227,590.307
14.800,0.000,177.742,584.753
14.833,0.000,177.242,677.452
14.867,0.000,176.728,617.562
14.900,0.000,176.198,579.711
14.933,0.000,175.654,600.066
14.967,0.000,175.096,649.357
15.067,0.000,173.332,644.057
15.100,0.000,172.714,674.888
15.133,0.000,172.082,657.041
15.167,0.000,171.435,625.243
15.200,0.000,170.774,630.280
15.267,0.000,169.406,596.840
15.333,0.000,167.980,728.203
15.367,0.000,167.245,670.169
15.400,0.000,166.495,640.641
15.433,0.000,165.731,673.055
15.467,0.000,164.952,729.846
15.500,0.000,164.158,736.846
15.533,0.000,163.349,718.681
15.567,0.000,162.526,753.025
15.600,0.000,161.688,668.155
15.633,0.000,160.835,655.312
15.700,0.000,159.086,698.896
15.733,0.000,158.189,726.508
15.767,0.000,157.277,719.731
15.833,0.000,155.410,742.094
15.867,0.000,154.455,664.336
15.900,0.000,153.484,687.901
15.933,0.000,152.499,793.928
15.967,0.000,151.500,700.423
16.033,0.000,149.456,730.490
16.100,0.000,147.354,741.465
16.133,0.000,146.281,799.574
16.200,0.000,144.090,764.655
16.267,0.000,141.841,741.243
16.333,0.000,139.533,809.830
16.367,0.000,138.357,716.352
16.400,0.000,137.166,824.546
16.433,0.000,135.960,701.601
16.533,0.000,132.255,802.587
16.567,0.000,130.991,756.638
16.600,0.000,129.712,792.960
16.667,0.000,127.110,815.419
16.733,0.000,125.768,854.607
16.767,0.000,125.730,856.118
16.800,0.000,125.674,844.736
16.833,0.000,125.599,880.139
16.933,0.000,125.262,763.440
16.967,0.000,125.112,903.600
17.000,0.000,124.943,894.717
17.033,0.000,124.756,775.175
17.100,0.000,124.325,921.670
17.133,0.000,124.081,860.584
17.200,0.000,123.538,927.086
17.233,0.000,123.238,833.836
17.267,0.000,122.919,861.528
17.300,0.000,122.582,819.358
17.333,0.000,122.226,860.886
17.367,0.000,121.851,845.064
17.400,0.000,121.457,933.307
17.433,0.000,121.045,956.065
17.467,0.000,120.614,869.877
17.500,0.000,120.164,905.276
17.567,0.000,119.208,951.094
17.667,0.000,117.634,1004.523
17.733,0.000,116.491,951.009
17.767,0.000,115.891,913.887
18.033,0.000,110.418,1049.912
18.067,0.000,109.650,885.960
18.100,0.000,108.863,987.966
18.133,0.000,108.057,984.140
18.167,0.000,107.232,966.658
18.200,0.000,106.389,948.663
18.233,0.000,105.527,978.725
18.267,0.000,104.646,991.983
18.333,0.000,102.828,971.517
18.367,0.000,101.891,982.289
18.400,0.000,100.935,928.736
18.433,0.000,99.960,963.256
18.500,0.000,97.955,986.573
18.567,0.000,95.874,935.709
18.600,0.000,94.806,1083.411
18.633,0.000,93.719,1019.181
18.700,0.000,91.489,999.403
18.767,0.000,89.184,1083.666
18.833,0.000,86.803,965.704
18.900,0.000,84.348,965.971
18.933,0.000,83.092,1106.396
18.967,0.000,81.818,1184.813
19.000,0.000,80.525,1162.442
19.067,0.000,77.882,1173.205
19.100,0.000,76.533,1159.102
19.133,0.000,75.165,1002.628
19.200,0.000,72.372,1105.615
19.233,0.000,70.948,1151.967
19.267,0.000,69.504,1187.544
19.300,0.000,68.043,1183.161
19.333,0.000,66.562,1173.740
19.367,0.000,65.063,1094.253
19.433,0.000,62.008,1154.922
19.467,0.000,60.452,1081.100
19.500,0.000,58.878,1101.340
19.567,0.000,55.673,1130.730
19.600,0.000,54.042,1278.081
19.667,0.000,50.725,1212.961
19.700,0.000,49.038,1153.040
19.733,62.835,49.479,1074.690
19.767,61.769,49.850,1306.941
19.800,60.769,50.156,1177.053
19.867,59.175,50.283,1295.366
19.900,58.290,50.434,1306.435
19.933,57.423,50.532,1301.211
19.967,56.546,50.578,1148.878
20.000,55.625,50.572,1177.447
20.033,54.773,50.519,1154.967
20.067,53.969,50.422,1301.270
20.133,52.426,50.006,1306.342
20.200,50.564,49.464,1332.685
20.233,49.813,49.167,1346.893
20.267,48.947,48.831,1317.156
20.400,45.642,47.219,1290.369
20.433,44.810,46.714,1371.565
20.467,43.943,46.177,1206.991
20.500,43.116,45.612,1225.903
20.533,42.331,45.020,1237.552
20.567,41.618,44.404,1319.445
20.633,39.803,43.189,1298.301
20.667,38.886,42.485,1235.558
20.733,37.199,41.131,1218.148
20.767,36.400,40.355,1381.555
20.800,35.586,39.559,1366.921
20.867,34.042,38.043,1417.539
20.900,33.392,37.193,1219.467
20.933,32.742,36.330,1405.754
20.967,32.152,35.457,1274.678
21.000,31.290,34.565,1368.872
21.033,30.459,33.656,1344.568
21.133,28.417,31.048,1388.379
21.167,27.697,30.086,1308.941
21.200,26.850,29.110,1285.290
21.233,26.130,28.122,1359.035
21.267,25.487,27.127,1340.808
21.333,24.098,25.153,1502.167
21.367,23.227,24.123,1444.577
21.400,22.474,23.083,1369.376
21.433,21.879,22.039,1290.701
21.467,21.273,20.990,1493.804
21.500,20.651,19.936,1544.022
21.533,19.920,18.873,1390.780
21.567,19.067,17.798,1547.179
21.600,18.353,16.716,1425.429
21.633,17.447,15.620,1349.717
21.667,16.687,14.517,1362.734
21.700,15.798,13.401,1606.875
21.733,15.024,12.277,1405.880
21.767,14.353,11.149,1479.739
21.800,13.429,10.008,1381.411
21.833,12.529,8.856,1409.321
21.933,10.564,5.090,1536.038
21.967,9.732,3.932,1360.016
22.000,9.008,2.768,1504.137
22.033,8.260,1.600,1462.620
22.067,7.542,0.427,1465.259
22.100,6.678,-0.755,1472.234
22.133,5.850,-1.945,1534.914
22.167,5.052,-3.141,1586.298
22.200,4.300,-4.341,1574.812
22.233,3.350,-5.552,1575.115
22.267,2.476,-6.771,1611.366
22.367,0.237,-11.114,1490.036
22.433,-1.596,-13.945,1556.239
22.467,-2.563,-15.168,1526.508
22.500,-3.673,-16.407,1436.633
22.567,-5.248,-19.337,1631.728
22.600,-6.197,-20.579,1735.308
22.633,-7.194,-21.832,1479.517
22.667,-8.194,-23.096,1686.497
22.733,-9.788,-24.407,1556.610
22.833,-12.214,-24.149,1669.677
22.867,-13.192,-23.866,1526.352
22.900,-14.218,-23.643,1741.383
22.933,-15.077,-23.473,1531.499
22.967,-15.873,-23.352,1763.719
23.000,-16.816,-23.282,1581.927
23.100,-18.962,-23.682,1707.360
23.133,-19.880,-23.769,1625.928
23.167,-20.625,-23.895,1628.952
23.200,-21.255,-24.054,1681.430
23.267,-22.575,-24.549,1821.435
23.333,-23.790,-25.133,1641.273
23.400,-25.183,-25.810,1740.739
23.500,-27.166,-26.992,1751.845
23.533,-27.804,-27.431,1706.550
23.567,-28.442,-27.893,1718.484
23.600,-28.968,-28.374,1839.365
23.667,-30.226,-29.375,1769.695
23.733,-31.438,-30.449,1651.850
23.800,-32.755,-31.597,1580.591
23.833,-33.225,-32.211,1706.761
23.867,-33.869,-32.843,1625.707
23.900,-34.434,-33.489,1644.768
23.933,-35.097,-34.153,1601.074
23.967,-35.634,-34.828,1722.564
24.000,-36.268,-35.519,1609.799
24.033,-36.779,-36.220,1862.343
24.100,-37.924,-37.644,1646.854
24.133,-38.420,-38.379,1887.499
24.200,-39.618,-39.886,1671.917
24.233,-40.119,-40.652,1821.970
24.267,-40.792,-41.431,1971.302
24.300,-41.325,-42.219,1984.266
24.367,-42.599,-43.862,1747.118
24.433,-43.744,-45.556,1845.286
24.467,-44.291,-46.387,1741.357
24.500,-45.020,-47.231,1818.803
24.567,-46.221,-49.026,1944.938
24.600,-46.840,-49.893,1935.717
24.633,-47.476,-50.768,1794.407
24.667,-48.212,-51.655,2027.681
24.733,-49.405,-53.573,1957.341
24.767,-50.087,-54.479,1746.380
24.867,-51.700,-57.550,1777.195
24.900,-52.353,-58.464,2040.958
24.967,-53.631,-60.527,1959.795
25.033,-54.901,-62.630,2085.615
25.100,-56.144,-64.770,2015.708
25.167,-57.565,-66.952,2007.180
25.200,-58.373,-67.902,1750.768
25.267,-59.757,-70.151,1865.821
25.300,-60.507,-71.115,1778.701
25.367,-61.918,-73.428,2095.826
25.467,-63.808,-77.161,1770.904
25.500,-64.579,-78.126,1840.673
25.533,-65.492,-79.105,1918.155
25.567,-66.344,-80.097,2101.356
25.633,-67.791,-82.570,1791.000
25.700,-69.437,-85.082,1989.178
25.733,-70.394,-84.604,1854.555
25.767,-71.205,-84.180,2115.410
25.800,-72.132,-83.812,2181.696
25.833,-72.903,-83.494,2138.638
25.867,-73.596,-83.220,1882.520
25.900,-74.383,-82.994,1980.876
26.000,-76.120,-83.037,1876.046
26.033,-76.808,-82.942,2105.012
26.067,-77.500,-82.886,1838.504
26.100,-78.169,-82.864,1929.026
26.167,-79.194,-83.048,2022.543
26.200,-79.809,-83.110,2025.565
26.233,-80.309,-83.198,1868.966
26.300,-81.344,-83.533,2246.698
26.367,-82.252,-83.932,1965.320
26.433,-83.322,-84.399,1860.952
26.467,-83.721,-84.637,1877.750
26.500,-84.242,-84.896,1974.444
26.533,-84.692,-85.172,2253.991
26.567,-85.132,-85.465,1928.891
26.633,-86.009,-86.107,1976.940
26.667,-86.453,-86.447,2203.935
26.700,-86.787,-86.798,1983.117
26.767,-87.612,-87.539,1940.703
26.867,-88.888,-88.740,1988.561
26.900,-89.252,-89.165,2148.105
26.933,-89.711,-89.602,1906.908
26.967,-90.180,-90.052,2193.638
27.000,-90.574,-90.512,2225.186
27.033,-90.979,-90.980,2064.486
27.067,-91.352,-91.457,2220.868
27.100,-91.777,-91.944,1997.994
27.200,-93.005,-93.475,2156.078
27.233,-93.412,-93.994,1996.500
27.267,-93.771,-94.519,2034.374
27.300,-94.227,-95.054,2139.770
27.333,-94.571,-95.593,2299.927
27.367,-94.962,-96.138,2209.531
27.400,-95.423,-96.692,2251.221
27.467,-96.116,-97.863,2174.396
27.533,-96.901,-99.066,2006.951
27.567,-97.362,-99.644,2219.158
27.600,-97.798,-100.228,2379.473
27.633,-98.196,-100.818,2331.973
27.667,-98.555,-101.411,1973.488
27.733,-99.202,-102.708,2179.810
27.800,-99.971,-104.033,1985.860
27.833,-100.413,-104.638,2216.035
27.867,-100.815,-105.247,2054.812
27.900,-101.242,-105.861,2276.168
27.933,-101.699,-106.482,2144.999
28.000,-102.502,-107.902,2295.824
28.067,-103.367,-109.348,2277.750
28.167,-104.606,-111.672,2198.214
28.233,-105.345,-113.172,2052.928
28.267,-105.764,-113.797,2303.502
28.333,-106.519,-115.334,2094.064
28.367,-107.001,-115.962,2404.016
28.400,-107.539,-116.600,2226.218
28.500,-108.793,-119.161,2089.774
28.567,-109.670,-120.782,2377.195
28.633,-110.568,-122.425,2120.823
28.667,-111.064,-123.054,2134.672
28.733,-111.852,-123.715,2092.347
28.767,-112.367,-123.364,2079.519
28.800,-112.920,-123.058,2118.629
28.833,-113.406,-122.792,2466.499
28.867,-113.892,-122.565,2162.703
28.933,-114.785,-122.487,2149.655
29.067,-116.369,-122.812,2168.749
29.100,-116.795,-122.779,2491.317
29.167,-117.498,-122.979,2169.741
29.200,-117.905,-123.019,2365.109
29.233,-118.273,-123.084,2493.554
29.267,-118.743,-123.176,2456.722
29.333,-119.458,-123.568,2412.262
29.367,-119.884,-123.724,2224.513
29.400,-120.314,-123.903,2116.803
29.433,-120.690,-124.102,2536.318
29.467,-121.038,-124.321,2429.135
29.500,-121.470,-124.560,2235.191
29.533,-121.824,-124.817,2476.891
29.567,-122.200,-125.092,2245.517
29.633,-122.952,-125.787,2551.775
29.667,-123.321,-126.109,2531.755
29.700,-123.663,-126.446,2368.334
29.733,-124.064,-126.798,2163.572
29.767,-124.489,-127.167,2303.509
29.800,-124.950,-127.553,2536.048
29.833,-125.370,-127.954,2293.074
29.867,-125.776,-128.369,2240.921
29.900,-126.244,-128.800,2596.885
29.933,-126.672,-129.245,2213.959
29.967,-127.071,-129.702,2160.639
30.033,-127.812,-130.740,2512.861
30.100,-128.629,-131.826,2246.576
30.133,-129.031,-132.332,2601.175
30.200,-129.806,-133.488,2419.033
30.233,-130.166,-134.018,2449.257
30.267,-130.621,-134.560,2410.434
30.300,-131.016,-135.111,2616.375
30.333,-131.411,-135.670,2360.340
30.367,-131.832,-136.239,2336.123
30.400,-132.268,-136.817,2392.716
30.433,-132.678,-137.404,2486.282
30.500,-133.520,-138.766,2314.918
30.567,-134.365,-140.166,2361.988
30.600,-134.806,-140.781,2251.198
30.667,-135.530,-142.237,2649.821
30.767,-136.663,-144.601,2695.208
30.800,-137.159,-145.231,2450.474
30.833,-137.653,-145.870,2714.583
30.900,-138.489,-147.450,2456.023
30.967,-139.428,-149.064,2464.469
31.033,-140.256,-150.707,2462.652
31.067,-140.803,-151.366,2591.410
31.100,-141.326,-152.035,2406.795
31.133,-141.856,-152.713,2383.340
31.267,-143.514,-156.615,2686.919
31.333,-144.325,-158.393,2727.209
31.367,-144.850,-159.056,2473.132
31.400,-145.395,-159.729,2351.082
31.433,-145.979,-160.414,2415.826
31.467,-146.526,-161.108,2379.639
31.533,-147.400,-163.006,2579.380
31.567,-147.892,-163.700,2711.274
31.633,-148.852,-165.644,2370.034
31.667,-149.439,-166.344,2628.479
31.767,-150.775,-167.116,2715.198
31.867,-152.002,-166.758,2634.465
31.900,-152.516,-166.356,2504.733
32.000,-153.802,-166.229,2663.684
32.033,-154.308,-165.953,2536.321
32.067,-154.829,-165.716,2661.997
32.100,-155.255,-165.513,2366.802
32.133,-155.702,-165.344,2395.592
32.167,-156.199,-165.210,2474.403
32.333,-157.822,-165.996,2767.565
32.367,-158.274,-165.982,2627.073
32.400,-158.650,-165.993,2409.437
32.433,-159.013,-166.028,2486.640
32.533,-160.156,-166.707,2676.936
32.600,-160.850,-167.156,2470.411
32.633,-161.232,-167.299,2661.328
32.667,-161.626,-167.462,2630.879
32.700,-162.051,-167.646,2631.871
32.733,-162.440,-167.849,2802.544
32.833,-163.392,-168.904,2903.020
32.867,-163.727,-169.157,2488.324
32.900,-164.078,-169.425,2801.330
32.933,-164.495,-169.710,2753.539
32.967,-164.829,-170.010,2700.017
33.000,-165.142,-170.321,2692.825
33.067,-165.843,-171.156,2485.044
33.100,-166.269,-171.504,2836.757
33.133,-166.584,-171.863,2755.346
33.167,-166.929,-172.233,2770.219
33.233,-167.638,-173.186,2713.152
33.267,-167.990,-173.584,2713.518
33.300,-168.306,-173.991,2582.596
33.333,-168.652,-174.409,2748.476
33.367,-169.051,-174.838,2514.173
33.433,-169.723,-175.919,2716.076
33.467,-170.099,-176.369,2966.875
33.500,-170.518,-176.830,2961.477
33.567,-171.205,-177.992,2652.598
33.600,-171.533,-178.469,2528.069
33.667,-172.311,-179.686,2845.364
33.700,-172.642,-180.181,2546.886
33.733,-173.034,-180.684,2678.687
33.833,-174.024,-182.759,2859.557
33.867,-174.367,-183.269,2872.001
33.900,-174.808,-183.789,2597.995
33.933,-175.207,-184.317,2674.645
33.967,-175.656,-184.855,2767.564
34.000,-176.008,-185.399,2537.521
34.033,-176.378,-185.949,2849.163
34.067,-176.762,-186.505,2871.779
34.100,-177.195,-187.070,2676.549
34.167,-177.941,-188.552,2752.375
34.200,-178.376,-189.125,2853.071
34.233,-178.816,-189.705,2900.079
34.267,-179.209,-190.291,2801.381
34.300,-179.595,-190.882,2966.405
34.333,-179.991,-191.479,2714.032
34.367,-180.377,-192.081,2559.513
34.400,-180.822,-192.691,2878.094
34.433,-181.253,-193.306,3041.343
34.500,-181.857,-192.870,2678.553
34.533,-182.204,-192.461,3005.071
34.567,-182.474,-192.112,2715.764
34.600,-182.769,-191.768,2751.296
34.667,-183.166,-191.369,2696.199
34.733,-183.469,-190.929,2695.674
34.767,-183.623,-190.573,2649.996
34.800,-183.771,-190.218,2995.623
34.833,-183.892,-189.863,2928.526
34.867,-184.000,-189.507,2920.543
35.000,-184.102,-188.524,2643.191
35.067,-184.092,-187.879,2950.913
35.100,-184.083,-187.479,2796.247
35.133,-184.057,-187.076,2951.294
35.167,-184.024,-186.670,2983.843
35.333,-183.574,-184.801,3100.347
35.367,-183.474,-184.745,2759.182
35.433,-183.189,-184.633,3050.455
35.467,-183.074,-184.565,2859.476
35.500,-182.927,-184.478,2951.568
35.567,-182.604,-184.304,2789.188
35.633,-182.284,-184.061,3002.873
35.667,-182.150,-183.987,2910.904
35.700,-181.950,-183.897,2880.113
35.733,-181.807,-183.795,2902.930
35.767,-181.597,-183.678,2816.971
35.800,-181.451,-183.550,2789.567
35.833,-181.286,-183.410,3077.872
35.900,-180.904,-183.304,2803.780
35.933,-180.727,-183.196,2766.142
36.000,-180.311,-183.032,2973.303
36.033,-180.100,-182.889,2831.274
36.067,-179.960,-182.739,2873.236
36.133,-179.577,-182.507,2545.074
36.167,-179.409,-182.329,2822.219
36.233,-179.079,-182.048,2765.310
36.267,-178.944,-181.848,3012.479
36.333,-178.534,-181.711,2802.212
36.433,-178.010,-181.593,2591.876
36.500,-177.677,-181.463,2649.997
36.533,-177.495,-181.328,2688.726
36.567,-177.311,-181.187,2721.256
36.600,-177.143,-181.041,2957.733
36.667,-176.697,-180.860,2660.907
36.700,-176.506,-180.688,2784.065
36.767,-176.110,-180.464,2976.412
36.867,-175.510,-180.146,2917.367
36.900,-175.316,-179.917,2666.700
36.933,-175.156,-179.675,2923.206
37.000,-174.812,-179.310,2471.732
37.033,-174.625,-179.032,2722.981
37.067,-174.406,-178.739,2739.575
37.100,-174.238,-178.432,2883.030
37.133,-174.055,-178.113,2979.060
37.167,-173.905,-177.781,2826.859
37.200,-173.707,-177.438,2999.165
37.267,-173.301,-176.846,2631.683
37.300,-173.136,-176.475,2509.481
37.367,-172.739,-175.819,2710.169
37.400,-172.563,-175.425,2893.479
37.433,-172.394,-175.027,2737.607
37.467,-172.202,-174.623,2926.632
37.500,-171.975,-174.214,2554.626
37.600,-171.412,-173.100,2829.285
37.633,-171.230,-172.682,2610.145
37.667,-171.026,-172.263,2450.727
37.733,-170.566,-171.458,2471.877
37.767,-170.352,-171.038,2531.848
37.800,-170.139,-170.620,2558.139
37.867,-169.638,-169.794,2919.460
37.900,-169.393,-169.377,2817.087
38.000,-168.736,-168.112,2478.777
38.033,-168.542,-167.703,2593.059
38.067,-168.329,-167.300,2580.536
38.133,-167.943,-166.466,2613.350
38.200,-167.464,-165.630,2805.111
38.233,-167.264,-165.248,2489.482
38.300,-166.765,-164.420,2887.742
38.333,-166.496,-164.049,2430.418
38.500,-165.287,-161.823,2509.590
38.533,-165.052,-161.469,2764.786
38.567,-164.801,-161.124,2908.675
38.600,-164.511,-160.783,2605.534
38.633,-164.275,-160.449,2453.340
38.700,-163.843,-159.658,2544.981
38.733,-163.606,-159.337,2400.625
38.767,-163.325,-159.019,2611.584
38.833,-162.906,-158.244,2770.463
38.867,-162.666,-157.938,2572.213
38.933,-162.151,-157.169,2483.995
38.967,-161.904,-156.871,2477.581
39.067,-161.213,-155.638,2686.508
39.100,-160.985,-155.354,2450.724
39.133,-160.708,-155.073,2825.206
39.167,-160.467,-154.795,2842.616
39.200,-160.233,-154.520,2668.472
39.233,-159.997,-154.248,2689.951
39.333,-159.171,-153.849,2356.332
39.400,-158.607,-153.753,2753.644
39.433,-158.308,-153.722,2511.582
39.500,-157.611,-153.375,2835.428
39.533,-157.286,-153.212,2679.873
39.567,-156.939,-153.006,2350.342
39.600,-156.655,-152.760,2601.393
39.700,-155.614,-151.533,2525.265
39.733,-155.294,-151.145,2405.182
39.767,-154.971,-150.723,2674.754
39.833,-154.288,-149.636,2621.371
39.867,-153.949,-149.125,2691.676
39.933,-153.183,-147.850,2558.369
39.967,-152.734,-147.261,2689.139
40.000,-152.309,-146.652,2339.210
40.067,-151.483,-145.172,2451.233
40.100,-151.051,-144.513,2393.364
40.133,-150.611,-143.846,2718.484
40.167,-150.138,-143.173,2518.196
40.200,-149.767,-142.500,2404.773
40.300,-148.498,-139.912,2739.330
40.333,-147.991,-139.232,2418.611
40.400,-147.187,-137.591,2509.880
40.433,-146.761,-136.950,2271.194
40.467,-146.193,-136.329,2420.385
40.533,-145.287,-134.777,2643.162
40.567,-144.807,-134.196,2606.803
40.600,-144.224,-133.633,2488.497
40.700,-142.863,-131.228,2268.020
40.767,-141.940,-129.765,2293.391
40.833,-140.955,-128.331,2449.474
40.900,-139.927,-126.926,2372.359
40.933,-139.479,-126.465,2584.076
40.967,-138.852,-126.018,2652.930
41.033,-137.967,-124.705,2416.551
41.067,-137.431,-124.281,2552.750
41.133,-136.308,-122.990,2463.725
41.167,-135.693,-122.571,2346.561
41.233,-134.532,-121.285,2522.828
41.300,-133.580,-119.996,2467.258
41.333,-133.091,-119.585,2237.847
41.367,-132.459,-119.173,2327.001
41.400,-131.825,-118.757,2352.426
41.433,-131.280,-118.338,2505.904
41.467,-130.735,-117.917,2341.077
41.533,-129.694,-116.629,2237.273
41.567,-129.106,-116.199,2367.713
41.600,-128.480,-115.764,2248.963
41.633,-128.000,-115.327,2371.515
41.667,-127.324,-114.881,2286.790
41.700,-126.773,-114.431,2423.994
41.733,-126.086,-113.971,2483.667
41.767,-125.585,-113.507,2205.985
41.867,-123.803,-111.257,2299.416
41.900,-123.297,-110.783,2280.229
41.967,-122.165,-109.400,2399.366
42.033,-121.025,-108.004,2269.246
42.067,-120.531,-107.526,2381.475
42.100,-119.912,-107.045,2300.127
42.133,-119.298,-106.559,2275.114
42.167,-118.646,-106.068,2403.289
42.200,-118.021,-105.572,2069.090
42.233,-117.517,-105.074,2375.302
42.267,-116.973,-104.574,2236.924
42.300,-116.366,-104.956,2376.937
42.367,-115.204,-105.246,2119.375
42.400,-114.497,-105.512,2202.368
42.433,-113.812,-105.737,2433.028
42.467,-113.103,-105.920,2253.292
42.500,-112.569,-106.069,2143.513
42.533,-112.044,-106.185,2323.249
42.600,-110.882,-106.144,2296.175
42.633,-110.251,-106.166,2089.788
42.667,-109.679,-106.157,2348.924
42.700,-109.050,-106.117,2361.562
42.767,-107.656,-105.861,2315.962
42.867,-105.619,-105.309,2277.154
42.967,-103.822,-104.615,2042.265
43.033,-102.462,-104.055,2363.941
43.067,-101.780,-103.716,1980.848
43.100,-101.181,-103.355,2076.199
43.167,-99.861,-102.646,2328.977
43.200,-99.123,-102.212,2301.118
43.267,-97.801,-101.392,2309.427
43.300,-97.042,-100.890,1959.243
43.333,-96.476,-100.370,2001.389
43.367,-95.793,-99.830,2215.365
43.433,-94.475,-98.833,2276.548
43.467,-93.816,-98.235,2162.664
43.500,-93.201,-97.621,2193.699
43.567,-91.770,-96.488,2010.144
43.633,-90.274,-95.285,1873.872
43.667,-89.633,-94.576,2224.144
43.700,-89.067,-93.855,1981.907
43.767,-87.497,-92.522,1962.280
43.833,-85.937,-91.121,2021.298
43.900,-84.400,-89.655,1978.967
43.933,-83.630,-88.809,2153.932
44.000,-82.320,-87.254,2194.968
44.033,-81.633,-86.373,2035.649
44.067,-81.020,-85.483,1825.464
44.133,-79.548,-83.813,2004.791
44.167,-78.846,-82.887,2150.160
44.200,-78.206,-81.954,2162.872
44.267,-76.591,-80.172,1868.272
44.300,-75.876,-79.204,2002.286
44.333,-75.005,-78.221,1962.747
44.400,-73.502,-76.332,1857.364
44.467,-71.980,-74.394,2074.629
44.633,-68.418,-69.460,1882.376
44.667,-67.580,-68.408,1807.602
44.700,-66.779,-67.348,1745.173
44.733,-65.977,-66.283,1826.714
44.800,-64.150,-64.129,1986.582
44.833,-63.326,-63.039,1950.554
44.900,-61.696,-60.827,1859.111
44.933,-60.922,-59.727,1911.775
44.967,-60.131,-58.623,1867.541
45.000,-59.434,-57.520,1686.154
45.100,-56.740,-54.025,1898.370
45.133,-55.946,-52.908,1880.020
45.167,-55.141,-51.789,1811.141
45.233,-53.630,-49.429,1815.231
45.267,-52.907,-48.317,1944.947
45.300,-52.095,-48.428,1972.754
45.367,-50.455,-48.425,1809.230
45.400,-49.683,-48.411,1760.490
45.433,-48.822,-48.354,1745.974
